160334459
165884495
165586142
164460513
163118714
161782932
160804266
160697760
160673346
160442072
160173306
159838306
159557289
159040274
159038132
158961112
158598553
158427888
158277052
158119005
158041361
158026111
157789607
157768960
157588301
157523175
157403493
157305701
157263290
156960172
156879961
156015414
155990859
155920088
155915343
155784199
155425835
155378253
155176932
154984152
154974046
154602606
154177281
154175632
153985451
153772941
153757453
153734920
153545228
153499555
153310797
152664275
152555208
152547310
152514499
152051113
152024907
151881276
151657232
151631124
151446808
151261587
151148435
150499278
150376701
150292381
150193422
150183338
149949481
149910723
149708829
149169272
149027727
148981493
148844644
148798602
148180990
148074387
146945564
146733666
146706821
146426179
146042039
145389941
145059585
144925232
144875954
144870004
144664467
144617097
144472528
144470196
144210728
143814926
143465180
143119268
143071723
143053171
142871565
142294125
142267520
141808316
141536450
141468075
141319048
141237930
140836037
138713516
138701432
138268787
138255784
138245690
138070479
138061923
137735407
137543012
137422170
137321173
137162736
136900525
136458819
136055179
135773726
135597097
135425209
135161454
134762483
134666478
133085427
133072286
133026030
132720835
132291379
132142458
132073408
131752917
131048073
130595595
129767693
129012971
128576561
128063760
127836046
127764489
127589648
127382489
127369282
127015402
126157532
126095521
125367369
124748716
123905817
123758632
123373712
122294939
121935397
121621713
120983747
120912817
120862165
120068707
119960617
119827109
119510374
119152350
119063389
118839745
118531572
118365218
118356993
118313502
117982799
117559473
117396184
117370058
116868338
116797225
116422917
116329161
115972668
115513474
115371109
115119558
114575530
113192930
112620438
112272358
111548639
110834630
110443424
109707252
108365052
107378486
107185766
106822266
106301101
106104455
105702862
105573559
104842510
104325870
104084600
103814404
103743086
103118077
102919577
102871040
102442474
102434521
101774812
101592601
101567302
101246719
100267605
100082911
99410388
98787637
98758896
98289314
98140631
97736489
97730830
97672716
97262654
97191405
97048291
97040921
96707880
95847985
94667623
94039186
93956301
93888665
92648743
92438860
92014730
91675907
90849795
89880489
89512141
88558171
87864813
87836210
87702007
87409889
87265658
86983293
86541163
86520084
85442396
85351845
84328124
83737147
83715114
83558472
83461734
83363207
82751852
82268646
82118670
82041161
81622604
81571292
81414940
80777244
80769082
80116563
79594735
79557624
79482144
79123269
78608295
78507113
78223901
78019174
77544523
76572867
76235905
75891347
74891189
73806773
73773359
73647593
73419279
73167282
73026695
72690820
72570169
72466034
72256437
72139529
71477503
71266770
71239974
69939401
69822987
69338100
69290810
69288742
69048122
69046510
69035463
69027111
68830220
68532204
68445202
68352536
68282747
68217947
68132940
68022138
67849965
67752667
67656456
67458184
67070224
67069354
66532892
66254015
66123942
66106489
65946614
65594597
64835583
64665176
64424941
64246052
62961112
62829703
62052482
60111562
60025918
59853509
59810260
59396337
58767245
58706627
58376961
58157989
58149613
58076720
58026735
58024330
57400196
56733959
56395158
56391427
56107118
56027231
55297894
55024523
54307297
53700266
53626798
53424900
52414713
51822665
51762134
51477432
50447433
49861373
49565229
49434684
47782633
47554043
46588499
44975610
44954567
44829122
44787446
44694763
44133697
43638897
42977199
42798001
40277476
39357023
39130206
38583491
38472284
38007168
37875331
37581079
37041147
34427522
33868153
33640699
32786151
32433186
31209127
30907515
30879923
29897279
29456263
28605845
27551477
27080342
26848931
26135347
25985251
25705976
25687843
24970498
24592529
24518001
24232093
23374397
22939838
5983742
141924972
140785524
136422840
131310229
130741664
129037801
127020923
126542000
125878949
124770322
111873630
107881796
107441983
107033628
106731636
103858501
102712898
100382770
98049531
93812231
93471243
92267820
83141278
82942195
79856631
78576545
78531638
78262673
77851698
77294941
74884697
68602521
33506581
28565315
97875506
93590129
80114006
163660803
163052940
162732005
161959849
161664014
160929218
160564328
160399105
160126319
159282256
158815085
158475320
158376077
158171335
157774279
157732260
157416500
157128796
157057574
157006075
156186485
155883581
155722299
155650263
155640351
155632517
155536600
154830813
154549723
154447045
154109000
153890420
153625081
152703747
152235082
151338180
151183468
150996779
150753805
150682969
150432655
150197075
150046891
149898435
149250183
148868870
148789710
148509779
148309365
147932739
147805804
147737589
147662189
147637311
146982665
146735966
146045046
145605436
145117822
144709836
144612737
143626747
143550065
143292057
143071469
142969631
142245331
141584796
141404490
140561868
140064581
139358896
139114670
137502264
137416744
136866626
136665622
136523253
136092880
135858069
135220382
134280039
132941806
132837849
132813714
131208438
130165274
129630271
129521244
129220989
127728996
126850808
126785182
126171826
126109253
125292518
124989641
122185833
120697889
119132618
118727659
117991529
117970340
117567916
117407469
117226930
116665668
116471831
116099903
115987592
115476082
115289172
114089389
112644288
112455883
111994905
111186177
110996634
109728461
109122179
109077548
108929444
108183346
107272971
107197612
107170200
106315120
105972307
105680983
105204790
104876378
101183100
100864711
100271920
99541291
98286393
97867257
97049679
95750470
95417484
94275100
92639232
92627274
92101735
92010859
91909479
91491596
90953542
89168084
86980480
86379898
84594855
82887956
78637086
78166231
78142757
77183271
77178689
75211815
75196178
74322494
74158668
74076894
73982297
73897395
72743493
72624796
72134954
71968184
71736682
71723797
71478391
70092747
69823709
69685316
69620842
69090076
68797343
68781450
68617480
68501144
68484636
68338637
68116743
67821949
66427139
66380119
66187426
65653718
65451603
63249081
62378351
60546372
60279217
60244743
58764559
58468754
58453952
57862538
57747458
57216930
56585092
56343035
56046988
56033959
55201175
55126244
54377870
54311263
52370738
52180675
52060848
51837018
51057950
50240403
49862257
49045654
48250293
48246548
48042315
47847585
44421579
43478872
43389736
40125506
39305389
37488408
37344582
36931747
36697898
35454017
35284426
34493572
33868900
33039562
32276465
30713175
29377123
28702948
27703009
26206039
25839668
25577322
25541428
24793991
24628590
24286353
24246473
24148449
24146883
24145121
23390008
20995533
1000517
129411564
119323706
106121946
104673015
101779678
94408047
79859528
71663165
70834432
68340123
56011965
84830620
82630231
46090671
122215832
117949893
113168724
104106312
93799431
163071816
87860220
69042993
59575877
59386630
33592518
25003336
24280856
164003772
163807934
161291652
160946225
160908767
160348516
160178519
160059536
159678856
159030392
158979095
158612624
157839564
156960926
156159287
156026124
155945155
155776047
155581665
155497844
155176976
153871048
153377964
152952140
152894374
152640978
151100435
150507794
150441957
149650079
148797643
147927868
147875711
147429001
147054515
147019524
146803705
146670669
146033516
144926232
144617358
143977439
143796347
143704742
143593214
143041709
142898431
142555471
142045436
141872128
141612631
141005060
140911977
140585091
139751595
138191097
137874824
137052341
136888984
136887431
136470449
136269561
135821598
135156423
134029018
130775486
130639557
127725982
127009342
126655634
126446531
125549865
124904490
124600991
124081303
121669936
120723035
120701976
120276639
119885829
119288287
118352474
117048035
115083181
114386182
114252659
108980295
108760375
108378145
107749473
106474268
106346730
106315717
105507311
104504339
104486354
104475799
104267101
103862105
103158560
100273881
99618814
98896866
97764557
97312531
95054514
94718894
93819596
93427125
93414507
92670512
92560211
91723345
90905192
90235266
89165219
87547577
87413253
87235919
86817391
85319547
82484804
82399127
80205263
78114093
77884175
77556093
77458424
77000427
76156998
75679427
75305789
74778851
74682096
74567645
74423872
74417032
74240839
73074158
72891752
72275679
72035145
70323302
70077699
69993328
69811785
68945970
68556716
68117952
67942503
67588525
67120919
66391827
64813748
64500295
63823800
61575353
61482349
60938709
59454539
59165910
59157385
59034587
58162869
58081086
57931929
56940726
56586845
56469677
56339864
55633251
55558901
55171879
54952467
54231779
52778224
52182896
51794083
51489655
50538366
50502877
50399849
49673577
46030304
44679882
41558844
37647222
33615929
33595140
32056591
31582105
30246996
28198475
27558713
27545491
27361065
27144363
27042931
26364741
26142450
25415795
25415669
25169338
24572465
21351936
142879236
127032749
121043992
106738735
104981091
101427046
77178343
76096355
71660331
164731844
163562114
162012084
161567754
161300798
161052744
159924398
159169546
158089106
157981774
157765868
157694779
157526400
157448667
156863003
156750408
156705173
156577457
156309691
155782034
155764900
155613793
155582852
155206938
155135286
154577909
153961172
152912235
152878473
152773776
152495283
151660110
151478801
150365374
149853140
149502787
148155941
145351711
143753970
143347924
142970850
142600762
142231530
142129575
142111792
140719169
140439119
139124695
137658938
136153256
135650932
130638889
128849973
124655792
123110558
122933435
121032231
119932052
117197851
116863625
114244605
112402302
109520936
108261333
108192793
107992996
107639472
105784160
101771147
100118372
90055437
88224852
87154318
79453474
76952980
74039409
73689393
70563010
69182622
68152614
66297503
63770830
58711450
57660293
57387760
56335398
56277689
55773329
55032398
53494537
49705979
45867067
45320732
31262682
31073787
29007744
28617834
26884586
26285440
25041051
24245636
24198773
69817175
74656480
32435706
27431323
165462772
165394497
164681964
161906891
161252981
161223134
160149597
160086822
159923080
159674463
159299196
158599469
157719906
157470553
157006546
156190123
155502586
155439629
155227714
155007760
154880403
154537516
153898818
153240345
152642295
152339337
152144174
152043495
151705548
151627675
151185994
150707136
150269927
150210811
150138636
149974030
149916193
149738247
149637512
149301014
149217431
146608496
146000820
145329762
143666296
143165584
142507972
142000420
138767210
137937270
137472106
137058650
136076386
133930575
133382536
131998555
131875405
130657379
127962330
127929299
122866480
122392171
117044966
116668534
114882412
114728218
114454445
113694283
113571824
113396533
112469734
111904441
110013186
106464612
105970817
105956122
104299342
104264331
103931749
103874645
103056219
101030589
100424649
98946696
98943321
97583555
97339162
95753823
95035093
93221567
92260351
92089306
90167904
89994984
88858449
87964244
87876792
87032104
85338757
84674896
84572034
84522613
84050664
83826282
82980907
82113237
81896118
81724960
80587166
80093988
79578470
79539442
79485205
78287245
77778380
76961835
75401334
73983867
72598846
71233927
70941433
70892263
70377569
69142696
68613348
68429379
68370494
67913063
67825149
67762437
66864417
66514084
66154487
64164470
62190710
60609836
60097184
59608701
58819431
58540621
58459837
57465446
56962414
53487536
53127910
49933321
48143017
43764008
38348058
37628110
33363576
32302561
32036167
30444258
30310111
28409822
28147233
27359336
26539160
25478115
24177073
121385206
69481975
126868234
164646023
162219326
161809828
161500024
160534864
160446571
160390387
158594463
158503410
157491375
157208698
156663193
156509222
156074882
156037969
155960313
155948969
155337831
154753393
154517590
154151161
153415538
152705673
151107440
150714598
150269048
148673248
148516199
148311169
146201856
145637814
145236851
144143208
143793673
142831305
140938809
139203229
134560381
133349764
131706454
130041094
129289953
129213198
126558753
125031385
124237877
123478888
119780802
119279017
114416609
113268977
111595692
110807840
110428035
108649660
107958325
106983413
106099628
99621908
96462225
84847265
82751757
82492315
80210220
77340362
74739390
71074566
70710891
69382537
63248805
61943370
58660778
57908765
54971526
54629961
46113571
41783697
34849194
34808992
27663475
107121983
28129955
164363948
163880992
163448344
162783811
162018066
161098458
160806819
160464278
159938963
159041222
158885087
158280339
156662256
154009686
152765590
151554059
151280862
151120556
150785070
150434566
150152415
149841845
149129265
148832583
148652994
148358923
148193665
147120453
146703104
145192194
145059509
144691377
144577243
144253332
143003252
142480548
140904395
140850566
140781304
140602552
140565602
140048972
139773178
137933596
137924232
133938963
133681419
133649115
133050184
131452008
131041323
129769746
129659042
128552466
128197017
126675681
125792233
118148789
115330750
113369294
112440462
109885865
107991334
107653190
105590960
104952636
104319276
103371839
98568447
98297750
98119715
97470529
96750200
93832922
93455360
91745826
91689488
90400920
87637174
87279689
85940499
85691605
85496907
81330602
80843800
80231381
80010551
80010328
79485354
78942000
76616212
76393575
75322743
75175640
74428637
71914770
71854487
69484611
69330132
69097944
67565288
67555425
67182706
66712374
66141030
64533105
64051685
61080286
60767663
60146173
59162916
58971429
56743930
56276387
55539158
55367369
54951267
52922171
51385228
50231786
48816578
47086495
45230290
42975730
40109701
39006594
36371690
33201437
33043989
27819101
25080506
24248694
21462536
109736694
97996370
165955136
165835595
163454562
161275205
161186423
161070918
160845788
159626235
159579184
158008624
157762707
157126153
155497619
155198798
155084153
154810809
154162843
151855152
151801145
151660547
151656786
151569426
150824555
150139029
149953876
149544765
146905060
145091395
144313321
144195589
143852500
142962095
142706478
139480662
138580530
134307496
133084261
130630979
130160854
129822819
128144499
124077950
116801765
108541290
101364381
97058269
90227587
77402128
75898617
73907074
71561711
65935622
62737296
60963001
51872256
46129001
44754352
33437513
119442253
100375746
125166864
165323206
164786740
164159329
163435416
163110326
162148268
161646575
161405320
161128921
161075813
160446685
159212667
158971648
158285036
157109189
156989156
156373542
155556615
154580363
153890575
153744794
153705353
152878053
152675955
152495560
150493089
150342461
148925244
148741989
148462970
146024871
143169634
143149449
142341699
140195784
140124464
139870815
137531827
137015642
136975634
135874359
135152148
134061954
133394723
133249790
131954714
131425050
130725526
128461555
127597715
127580917
125818594
123490566
122729200
120365934
119192966
117989773
115690379
114626052
113011894
109993225
108369536
107960099
107497156
104616446
100185656
98382719
98009463
97877708
97031854
94267861
93651931
92854507
92200536
89869271
89192614
86940379
86325650
86094057
83450504
83245797
82894319
80893642
80583913
79896451
75910493
75425187
74771044
73987416
73862339
73019962
72457676
71421806
70958577
70397527
70094768
69739980
69487533
68221586
68074176
67961370
66547308
66430299
66241798
65454766
63490622
63137977
62134623
61834962
60545469
60301617
59156090
58877471
58540671
58175454
58165755
53356349
52472044
51950883
51650434
51324799
49377291
47734325
47463730
45615459
45249429
37094542
36681517
34972550
32976082
31381812
30516099
28946014
28282409
28240981
26833909
23251233
21336517
133746908
119815993
166969377
163832937
163745116
163505056
163489032
162661082
162015527
161670091
161427532
161281510
160929425
160784774
160312155
160269746
160237190
159949190
158236149
158092916
157793113
157628863
157057768
156945756
156555534
156065742
155015748
154253818
150964887
150868099
150677886
149350315
148085459
147676048
147207228
146826920
146481017
145670980
145355953
145104860
143056764
142773862
141244766
140404889
136713171
136611288
136535860
135837035
133760285
129525753
128572424
125046010
123587253
119116604
114466386
113907174
112262675
109937261
108893145
100637955
99729780
96123764
90552755
88726801
69316933
67656482
66152924
57672192
50457340
34176874
166836295
164569967
164388821
164289225
164145018
164123501
163806713
163574929
162217341
162131751
161459202
161409323
161278336
161125666
160946923
160063321
159794060
158596495
158446222
158187292
157978725
157778537
157083445
156435891
155838180
155772353
154786491
154177102
154020936
153361072
151946416
151774319
151466392
150266741
150229501
150101029
148982598
148260944
148201501
144838410
143297460
142993125
142731668
141726304
139626151
139034274
136726900
136339406
136132099
134142978
130477950
129791085
126728185
124367088
123245523
121774686
121204548
120193207
119155223
118385344
116160096
115316513
114024202
113543738
112791430
110623187
109832841
109724744
109290822
104436519
102524543
98135537
97939487
97729099
97328726
96258453
96256764
95937688
95182009
94526888
92244062
89545960
89020422
87276261
86707987
86694520
84724438
84572081
84449265
81531816
80241530
78639218
77569593
76967730
75906329
75643729
73964746
73948645
73904395
73245274
72149968
70873776
70828526
70100351
68281139
67600773
66283966
63703430
63289134
60869053
60763531
60665510
58795775
58756442
58004335
56176126
55941606
55395980
55209433
54825860
51639553
48254470
46119461
45779536
40499443
34225668
34089601
33415741
33300249
32745453
32520467
32385536
32150565
30871635
29374298
28727893
28369140
28180756
27312076
26714474
26688159
999472
130747040
111904824
167037704
165497158
165160285
164708579
164672655
164440682
163408984
163295901
163029965
162754784
162384569
161326106
161226830
160290120
159652426
159570772
159258836
158495957
158341411
157737712
157489731
157459982
156607987
156310922
154886901
154152031
153757769
152843972
152683470
152291181
152247171
151872271
151857690
151799739
150755662
148613038
147838733
147737455
147553726
146890369
146711306
145040562
144231685
140780553
140192228
138180893
133681971
131862247
130546844
129794240
121063223
117209065
114101358
111297889
108914367
107106995
106231953
104500947
104160390
104069535
103375713
102653179
99426465
92266147
91527562
86036857
81298173
76355144
74669678
70692255
68897609
63127398
60081054
58933664
38946881
37285601
34917492
30227090
56902342
119780564
33229414
166613761
166588714
165842718
165828202
165307919
165251357
165118772
164829425
164702939
164384167
164360581
164355054
163090874
162848011
162066409
162037593
161976021
161727871
161280416
160631732
160504256
160105860
159943259
159623213
159356343
158276258
158013739
157414308
157294418
157087664
156993668
155962046
155558824
154952673
154760739
153963771
153813629
152975888
152090685
151801559
150913225
148973816
146652706
145621386
143500870
141247086
141088913
140714042
140701606
136964718
136839462
136465727
133462143
129644178
129170346
128756288
127525202
127308065
126870975
124863970
122566594
117213170
116610162
113525010
112696878
110635542
108803111
106152337
104067132
103619013
101351485
100765055
97046012
96622659
95979113
95399427
95258631
94570434
93435569
93114070
92826510
91125923
90056887
88852438
85811597
84910560
82599976
81868087
81609177
80717991
79261180
78985842
74976231
71979357
71398703
69623940
69426517
65912337
63830925
63825429
63594531
63379199
63340637
58226662
52768335
51044724
50511401
49669019
49252019
46807240
41084750
40780389
39909110
36566734
29990555
28781220
28512223
24449700
101597726
85642547
166132140
165651058
165562133
164710234
164572708
164334334
163734892
163231418
163204069
162705071
162134525
161460794
161375964
161305582
160465605
160436762
159421673
159376437
158981701
158974603
158903633
158314349
158059037
158016419
157599324
157267984
155995292
155962028
155846291
155585153
155464425
153951909
153257988
152452455
151818013
151655681
150268379
149778721
146799830
144880029
142902057
139282618
137039457
136878846
131727423
129762030
129405610
118651708
113753304
109830070
105543520
97065079
81074135
77451855
69289599
65843385
59596779
57109359
56266237
53963163
50756138
46255785
42338429
36750579
25564663
106752529





