160334459
166836295
164569967
164388821
164289225
164145018
164123501
163806713
163574929
162217341
162131751
161459202
161409323
161278336
161125666
160946923
160063321
159794060
158596495
158446222
158187292
157978725
157778537
157083445
156435891
155838180
155772353
154786491
154177102
154020936
153361072
151946416
151774319
151466392
150266741
150229501
150101029
148982598
148260944
148201501
144838410
143297460
142993125
142731668
141726304
139626151
139034274
136726900
136339406
136132099
134142978
130477950
129791085
126728185
124367088
123245523
121774686
121204548
120193207
119155223
118385344
116160096
115316513
114024202
113543738
112791430
110623187
109832841
109724744
109290822
104436519
102524543
98135537
97939487
97729099
97328726
96258453
96256764
95937688
95182009
94526888
92244062
89545960
89020422
87276261
86707987
86694520
84724438
84572081
84449265
81531816
80241530
78639218
77569593
76967730
75906329
75643729
73964746
73948645
73904395
73245274
72149968
70873776
70828526
70100351
68281139
67600773
66283966
63703430
63289134
60869053
60763531
60665510
58795775
58756442
58004335
56176126
55941606
55395980
55209433
54825860
51639553
48254470
46119461
45779536
40499443
34225668
34089601
33415741
33300249
32745453
32520467
32385536
32150565
30871635
29374298
28727893
28369140
28180756
27312076
26714474
26688159
999472
130747040
111904824
167037704
165497158
165160285
164708579
164672655
164440682
163408984
163295901
163029965
162754784
162384569
161326106
161226830
160290120
159652426
159570772
159258836
158495957
158341411
157737712
157489731
157459982
156607987
156310922
154886901
154152031
153757769
152843972
152683470
152291181
152247171
151872271
151857690
151799739
150755662
148613038
147838733
147737455
147553726
146890369
146711306
145040562
144231685
140780553
140192228
138180893
133681971
131862247
130546844
129794240
121063223
117209065
114101358
111297889
108914367
107106995
106231953
104500947
104160390
104069535
103375713
102653179
99426465
92266147
91527562
86036857
81298173
76355144
74669678
70692255
68897609
63127398
60081054
58933664
38946881
37285601
34917492
30227090
56902342
119780564
33229414
