164003772
163807934
161291652
160946225
160908767
160348516
160178519
110926535
160059536
159678856
159030392
158979095
158612624
157839564
156960926
156159287
156026124
155945155
155776047
155581665
155497844
155176976
153871048
153377964
152952140
152894374
152640978
151100435
150507794
150441957
149650079
148797643
147927868
147875711
147429001
147054515
147019524
146803705
146670669
146033516
144926232
144617358
143977439
143796347
143704742
143593214
143041709
142898431
142555471
142045436
141872128
141612631
141005060
140911977
140585091
139751595
138191097
137874824
137052341
136888984
136887431
136470449
136269561
135821598
135156423
134029018
130775486
130639557
127725982
127009342
126655634
126446531
125549865
124904490
124600991
124081303
121669936
120723035
120701976
120276639
119885829
119288287
118352474
117048035
115083181
114386182
114252659
108980295
108760375
108378145
107749473
106474268
106346730
106315717
105507311
104504339
104486354
104475799
104267101
103862105
103158560
100273881
99618814
98896866
97764557
97312531
95054514
94718894
93819596
93427125
93414507
92670512
92560211
91723345
90905192
90235266
89165219
87547577
87413253
87235919
86817391
85319547
82484804
82399127
80205263
78114093
77884175
77556093
77458424
77000427
76156998
75679427
75305789
74778851
74682096
74567645
74423872
74417032
74240839
73074158
72891752
72275679
72035145
70323302
70077699
69993328
69811785
68945970
68556716
68117952
67942503
67588525
67120919
66391827
64813748
64500295
63823800
61575353
61482349
60938709
59454539
59165910
59157385
59034587
58162869
58081086
57931929
56940726
56586845
56469677
56339864
55633251
55558901
55171879
54952467
54231779
52778224
52182896
51794083
51489655
50538366
50502877
50399849
49673577
46030304
44679882
41558844
37647222
33615929
33595140
32056591
31582105
30246996
28198475
27558713
27545491
27361065
27144363
27042931
26364741
26142450
25415795
25415669
25169338
24572465
21351936
142879236
127032749
121043992
106738735
104981091
101427046
77178343
76096355
71660331
164731844
163562114
162012084
161567754
161300798
161052744
159924398
159169546
158089106
157981774
157765868
157694779
157526400
157448667
156863003
156750408
156705173
156577457
156309691
155782034
155764900
155613793
155582852
155206938
155135286
154577909
153961172
152912235
152878473
152773776
152495283
151660110
151478801
150365374
149853140
149502787
148155941
145351711
143753970
143347924
142970850
142600762
142231530
142129575
142111792
140719169
140439119
139124695
137658938
136153256
135650932
130638889
128849973
124655792
123110558
122933435
121032231
119932052
117197851
116863625
114244605
112402302
109520936
108261333
108192793
107992996
107639472
105784160
101771147
100118372
90055437
88224852
87154318
79453474
76952980
74039409
73689393
70563010
69182622
68152614
66297503
63770830
58711450
57660293
57387760
56335398
56277689
55773329
55032398
53494537
49705979
45867067
45320732
31262682
31073787
29007744
28617834
26884586
26285440
25041051
24245636
24198773
69817175
74656480
32435706
27431323
