165462772
165394497
164681964
161906891
161252981
161223134
160149597
160086822
159923080
159674463
159299196
158599469
157719906
157470553
157006546
156190123
155502586
155439629
155227714
155007760
154880403
154537516
153898818
153240345
152642295
152339337
152144174
152043495
151705548
151627675
151185994
150707136
150269927
150210811
150138636
149974030
149916193
149738247
149637512
149301014
149217431
146608496
146000820
145329762
143666296
143165584
142507972
142000420
138767210
137937270
137472106
137058650
136076386
133930575
133382536
131998555
131875405
130657379
127962330
127929299
122866480
122392171
117044966
116668534
114882412
114728218
114454445
113694283
113571824
113396533
112469734
111904441
110013186
106464612
105970817
105956122
104299342
104264331
103931749
103874645
103056219
101030589
100424649
98946696
98943321
97583555
97339162
95753823
95035093
93221567
92260351
92089306
90167904
89994984
88858449
87964244
87876792
87032104
85338757
84674896
84572034
84522613
84050664
83826282
82980907
82113237
81896118
81724960
80587166
80093988
79578470
79539442
79485205
78287245
77778380
76961835
75401334
73983867
72598846
71233927
70941433
70892263
70377569
69142696
68613348
68429379
68370494
67913063
67825149
67762437
66864417
66514084
66154487
64164470
62190710
60609836
60097184
59608701
58819431
58540621
58459837
57465446
56962414
53487536
53127910
49933321
48143017
43764008
38348058
37628110
33363576
32302561
32036167
30444258
30310111
28409822
28147233
27359336
26539160
25478115
24177073
121385206
69481975
126868234
164646023
162219326
161809828
161500024
160534864
160446571
160390387
158594463
158503410
157491375
157208698
156663193
156509222
156074882
156037969
155960313
155948969
155337831
154753393
154517590
154151161
153415538
152705673
151107440
150714598
150269048
148673248
148516199
148311169
146201856
145637814
145236851
144143208
143793673
142831305
140938809
139203229
134560381
133349764
131706454
130041094
129289953
129213198
126558753
125031385
124237877
123478888
119780802
119279017
114416609
113268977
111595692
110807840
110428035
108649660
107958325
106983413
106099628
99621908
96462225
84847265
82751757
82492315
80210220
77340362
74739390
71074566
70710891
69382537
63248805
61943370
58660778
57908765
54971526
54629961
46113571
41783697
34849194
34808992
27663475
107121983
28129955
