160334459
165323206
164786740
164159329
163435416
163110326
162148268
161646575
161405320
161128921
161075813
160446685
159212667
158971648
158285036
157109189
156989156
156373542
155556615
154580363
153890575
153744794
153705353
152878053
152675955
152495560
150493089
150342461
148925244
148741989
148462970
146024871
143169634
143149449
142341699
140195784
140124464
139870815
137531827
137015642
136975634
135874359
135152148
134061954
133394723
133249790
131954714
131425050
130725526
128461555
127597715
127580917
125818594
123490566
122729200
120365934
119192966
117989773
115690379
114626052
113011894
109993225
108369536
107960099
107497156
104616446
100185656
98382719
98009463
97877708
97031854
94267861
93651931
92854507
92200536
89869271
89192614
86940379
86325650
86094057
83450504
83245797
82894319
80893642
80583913
79896451
75910493
75425187
74771044
73987416
73862339
73019962
72457676
71421806
70958577
70397527
70094768
69739980
69487533
68221586
68074176
67961370
66547308
66430299
66241798
65454766
63490622
63137977
62134623
61834962
60545469
60301617
59156090
58877471
58540671
58175454
58165755
53356349
52472044
51950883
51650434
51324799
49377291
47734325
47463730
45615459
45249429
37094542
36681517
34972550
32976082
31381812
30516099
28946014
28282409
28240981
26833909
23251233
21336517
133746908
119815993
166969377
163832937
163745116
163505056
163489032
162661082
162015527
161670091
161427532
161281510
160929425
160784774
160312155
160269746
160237190
159949190
158236149
158092916
157793113
157628863
157057768
156945756
156555534
156065742
155015748
154253818
150964887
150868099
150677886
149350315
148085459
147676048
147207228
146826920
146481017
145670980
145355953
145104860
143056764
142773862
141244766
140404889
136713171
136611288
136535860
135837035
133760285
129525753
128572424
125046010
123587253
119116604
114466386
113907174
112262675
109937261
108893145
100637955
99729780
96123764
90552755
88726801
69316933
67656482
66152924
57672192
50457340
34176874
