160334459
166613761
166588714
165842718
165828202
165307919
165251357
165118772
164829425
164702939
164384167
164360581
164355054
163090874
162848011
162066409
162037593
161976021
161727871
161280416
160631732
160504256
160105860
159943259
159623213
159356343
158276258
158013739
157414308
157294418
157087664
156993668
155962046
155558824
154952673
154760739
153963771
153813629
152975888
152090685
151801559
150913225
148973816
146652706
145621386
143500870
141247086
141088913
140714042
140701606
136964718
136839462
136465727
133462143
129644178
129170346
128756288
127525202
127308065
126870975
124863970
122566594
117213170
116610162
113525010
112696878
110635542
108803111
106152337
104067132
103619013
101351485
100765055
97046012
96622659
95979113
95399427
95258631
94570434
93435569
93114070
92826510
91125923
90056887
88852438
85811597
84910560
82599976
81868087
81609177
80717991
79261180
78985842
74976231
71979357
71398703
69623940
69426517
65912337
63830925
63825429
63594531
63379199
63340637
58226662
52768335
51044724
50511401
49669019
49252019
46807240
41084750
40780389
39909110
36566734
29990555
28781220
28512223
24449700
101597726
85642547
166132140
165651058
165562133
164710234
164572708
164334334
163734892
163231418
163204069
162705071
162134525
161460794
161375964
161305582
160465605
160436762
159421673
159376437
158981701
158974603
158903633
158314349
158059037
158016419
157599324
157267984
155995292
155962028
155846291
155585153
155464425
153951909
153257988
152452455
151818013
151655681
150268379
149778721
146799830
144880029
142902057
139282618
137039457
136878846
131727423
129762030
129405610
118651708
113753304
109830070
105543520
97065079
81074135
77451855
69289599
65843385
59596779
57109359
56266237
53963163
50756138
46255785
42338429
36750579
25564663
106752529
