160334459
110926535
165884495
165586142
164460513
163118714
161782932
160804266
160697760
160673346
160442072
160173306
159838306
159557289
159040274
159038132
158961112
158598553
158427888
158277052
158119005
158041361
158026111
157789607
157768960
157588301
157523175
157403493
157305701
157263290
156960172
156879961
156015414
155990859
155920088
155915343
155784199
155425835
155378253
155176932
154984152
154974046
154602606
154177281
154175632
153985451
153772941
153757453
153734920
153545228
153499555
153310797
152664275
152555208
152547310
152514499
152051113
152024907
151881276
151657232
151631124
151446808
151261587
151148435
150499278
150376701
150292381
150193422
150183338
149949481
149910723
149708829
149169272
149027727
148981493
148844644
148798602
148180990
148074387
146945564
146733666
146706821
146426179
146042039
145389941
145059585
144925232
144875954
144870004
144664467
144617097
144472528
144470196
144210728
143814926
143465180
143119268
143071723
143053171
142871565
142294125
142267520
141808316
141536450
141468075
141319048
141237930
140836037
138713516
138701432
138268787
138255784
138245690
138070479
138061923
137735407
137543012
137422170
137321173
137162736
136900525
136458819
136055179
135773726
135597097
135425209
135161454
134762483
134666478
133085427
133072286
133026030
132720835
132291379
132142458
132073408
131752917
131048073
130595595
129767693
129012971
128576561
128063760
127836046
127764489
127589648
127382489
127369282
127015402
126157532
126095521
125367369
124748716
123905817
123758632
123373712
122294939
121935397
121621713
120983747
120912817
120862165
120068707
119960617
119827109
119510374
119152350
119063389
118839745
118531572
118365218
118356993
118313502
117982799
117559473
117396184
117370058
116868338
116797225
116422917
116329161
115972668
115513474
115371109
115119558
114575530
113192930
112620438
112272358
111548639
110834630
110443424
109707252
108365052
107378486
107185766
106822266
106301101
106104455
105702862
105573559
104842510
104325870
104084600
103814404
103743086
103118077
102919577
102871040
102442474
102434521
101774812
101592601
101567302
101246719
100267605
100082911
99410388
98787637
98758896
98289314
98140631
97736489
97730830
97672716
97262654
97191405
97048291
97040921
96707880
95847985
94667623
94039186
93956301
93888665
92648743
92438860
92014730
91675907
90849795
89880489
89512141
88558171
87864813
87836210
87702007
87409889
87265658
86983293
86541163
86520084
85442396
85351845
84328124
83737147
83715114
83558472
83461734
83363207
82751852
82268646
82118670
82041161
81622604
81571292
81414940
80777244
80769082
80116563
79594735
79557624
79482144
79123269
78608295
78507113
78223901
78019174
77544523
76572867
76235905
75891347
74891189
73806773
73773359
73647593
73419279
73167282
73026695
72690820
72570169
72466034
72256437
72139529
71477503
71266770
71239974
69939401
69822987
69338100
69290810
69288742
69048122
69046510
69035463
69027111
68830220
68532204
68445202
68352536
68282747
68217947
68132940
68022138
67849965
67752667
67656456
67458184
67070224
67069354
66532892
66254015
66123942
66106489
65946614
65594597
64835583
64665176
64424941
64246052
62961112
62829703
62052482
60111562
60025918
59853509
59810260
59396337
58767245
58706627
58376961
58157989
58149613
58076720
58026735
58024330
57400196
56733959
56395158
56391427
56107118
56027231
55297894
55024523
54307297
53700266
53626798
53424900
52414713
51822665
51762134
51477432
50447433
49861373
49565229
49434684
47782633
47554043
46588499
44975610
44954567
44829122
44787446
44694763
44133697
43638897
42977199
42798001
40277476
39357023
39130206
38583491
38472284
38007168
37875331
37581079
37041147
34427522
33868153
33640699
32786151
32433186
31209127
30907515
30879923
29897279
29456263
28605845
27551477
27080342
26848931
26135347
25985251
25705976
25687843
24970498
24592529
24518001
24232093
23374397
22939838
5983742
141924972
140785524
136422840
131310229
130741664
129037801
127020923
126542000
125878949
124770322
111873630
107881796
107441983
107033628
106731636
103858501
102712898
100382770
98049531
93812231
93471243
92267820
83141278
82942195
79856631
78576545
78531638
78262673
77851698
77294941
74884697
68602521
33506581
28565315
97875506
93590129
80114006
163660803
163052940
162732005
161959849
161664014
160929218
160564328
160399105
160126319
159282256
158815085
158475320
158376077
158171335
157774279
157732260
157416500
157128796
157057574
157006075
156186485
155883581
155722299
155650263
155640351
155632517
155536600
154830813
154549723
154447045
154109000
153890420
153625081
152703747
152235082
151338180
151183468
150996779
150753805
150682969
150432655
150197075
150046891
149898435
149250183
148868870
148789710
148509779
148309365
147932739
147805804
147737589
147662189
147637311
146982665
146735966
146045046
145605436
145117822
144709836
144612737
143626747
143550065
143292057
143071469
142969631
142245331
141584796
141404490
140561868
140064581
139358896
139114670
137502264
137416744
136866626
136665622
136523253
136092880
135858069
135220382
134280039
132941806
132837849
132813714
131208438
130165274
129630271
129521244
129220989
127728996
126850808
126785182
126171826
126109253
125292518
124989641
122185833
120697889
119132618
118727659
117991529
117970340
117567916
117407469
117226930
116665668
116471831
116099903
115987592
115476082
115289172
114089389
112644288
112455883
111994905
111186177
110996634
109728461
109122179
109077548
108929444
108183346
107272971
107197612
107170200
106315120
105972307
105680983
105204790
104876378
101183100
100864711
100271920
99541291
98286393
97867257
97049679
95750470
95417484
94275100
92639232
92627274
92101735
92010859
91909479
91491596
90953542
89168084
86980480
86379898
84594855
82887956
78637086
78166231
78142757
77183271
77178689
75211815
75196178
74322494
74158668
74076894
73982297
73897395
72743493
72624796
72134954
71968184
71736682
71723797
71478391
70092747
69823709
69685316
69620842
69090076
68797343
68781450
68617480
68501144
68484636
68338637
68116743
67821949
66427139
66380119
66187426
65653718
65451603
63249081
62378351
60546372
60279217
60244743
58764559
58468754
58453952
57862538
57747458
57216930
56585092
56343035
56046988
56033959
55201175
55126244
54377870
54311263
52370738
52180675
52060848
51837018
51057950
50240403
49862257
49045654
48250293
48246548
48042315
47847585
44421579
43478872
43389736
40125506
39305389
37488408
37344582
36931747
36697898
35454017
35284426
34493572
33868900
33039562
32276465
30713175
29377123
28702948
27703009
26206039
25839668
25577322
25541428
24793991
24628590
24286353
24246473
24148449
24146883
24145121
23390008
20995533
1000517
129411564
119323706
106121946
104673015
101779678
94408047
79859528
71663165
70834432
68340123
56011965
84830620
82630231
46090671
122215832
117949893
113168724
104106312
93799431
163071816
87860220
69042993
59575877
59386630
33592518
25003336
24280856
