160334459
164363948
163880992
163448344
162783811
162018066
161098458
160806819
160464278
159938963
159041222
158885087
158280339
156662256
154009686
152765590
151554059
151280862
151120556
150785070
150434566
150152415
149841845
149129265
148832583
148652994
148358923
148193665
147120453
146703104
145192194
145059509
144691377
144577243
144253332
143003252
142480548
140904395
140850566
140781304
140602552
140565602
140048972
139773178
137933596
137924232
133938963
133681419
133649115
133050184
131452008
131041323
129769746
129659042
128552466
128197017
126675681
125792233
118148789
115330750
113369294
112440462
109885865
107991334
107653190
105590960
104952636
104319276
103371839
98568447
98297750
98119715
97470529
96750200
93832922
93455360
91745826
91689488
90400920
87637174
87279689
85940499
85691605
85496907
81330602
80843800
80231381
80010551
80010328
79485354
78942000
76616212
76393575
75322743
75175640
74428637
71914770
71854487
69484611
69330132
69097944
67565288
67555425
67182706
66712374
66141030
64533105
64051685
61080286
60767663
60146173
59162916
58971429
56743930
56276387
55539158
55367369
54951267
52922171
51385228
50231786
48816578
47086495
45230290
42975730
40109701
39006594
36371690
33201437
33043989
27819101
25080506
24248694
21462536
109736694
97996370
165955136
165835595
163454562
161275205
161186423
161070918
160845788
159626235
159579184
158008624
157762707
157126153
155497619
155198798
155084153
154810809
154162843
151855152
151801145
151660547
151656786
151569426
150824555
150139029
149953876
149544765
146905060
145091395
144313321
144195589
143852500
142962095
142706478
139480662
138580530
134307496
133084261
130630979
130160854
129822819
128144499
124077950
116801765
108541290
101364381
97058269
90227587
77402128
75898617
73907074
71561711
65935622
62737296
60963001
51872256
46129001
44754352
33437513
119442253
100375746
125166864
